#Time       v(vout)   
 201.E-6    7.1781    
 201.02E-6  10.941    
 201.04E-6  10.478    
 201.06E-6  6.2059    
 201.08E-6  1.2018    
 201.1E-6  -1.3882    
 201.12E-6  0.92655   
 201.14E-6  6.2329    
 201.16E-6  10.549    
 201.18E-6  10.954    
 201.2E-6   7.209     
 201.21E-6  2.0091    
 201.23E-6 -1.3657    
 201.25E-6  0.42102   
 201.27E-6  5.5265    
 201.29E-6  10.141    
 201.31E-6  11.082    
 201.33E-6  7.7381    
 201.35E-6  2.605     
 201.37E-6 -1.4534    
 201.39E-6 -0.15438   
 201.41E-6  4.788     
 201.43E-6  9.7345    
 201.45E-6  11.324    
 201.47E-6  8.4648    
 201.49E-6  3.2558    
 201.51E-6 -1.4342    
 201.53E-6 -0.54219   
 201.55E-6  4.0879    
 201.57E-6  9.2487    
 201.59E-6  11.338    
 201.61E-6  8.9621    
 201.62E-6  3.8766    
 201.64E-6 -1.3508    
 201.66E-6 -0.9141    
 201.68E-6  3.1711    
 201.7E-6   8.5372    
 201.72E-6  11.324    
 201.74E-6  9.6408    
 201.76E-6  4.7588    
 201.78E-6 -1.1316    
 201.8E-6  -1.0351    
 201.82E-6  2.4949    
 201.84E-6  7.8907    
 201.86E-6  11.158    
 201.88E-6  10.058    
 201.9E-6   5.4551    
 201.92E-6 -0.87766   
 201.94E-6 -1.0713    
 201.96E-6  2.1302    
 201.98E-6  7.4521    
 202.E-6    10.953    
 202.02E-6  10.228    
 202.04E-6  5.8734    
 202.05E-6  0.60991   
 202.07E-6 -1.3095    
 202.09E-6  1.2908    
 202.11E-6  6.6852    
 202.13E-6  10.774    
 202.15E-6  10.801    
 202.17E-6  6.7909    
 202.19E-6  1.6236    
 202.21E-6 -1.3929    
 202.23E-6  0.70962   
 202.25E-6  5.9571    
 202.27E-6  10.422    
 202.29E-6  11.02     
 202.31E-6  7.4019    
 202.33E-6  2.1919    
 202.35E-6 -1.3907    
 202.37E-6  0.24376   
 202.39E-6  5.3074    
 202.41E-6  10.019    
 202.43E-6  11.18     
 202.45E-6  8.0008    
 202.46E-6  2.8461    
 202.48E-6 -1.4571    
 202.5E-6   0.090783  
 202.52E-6  4.8648    
 202.54E-6  9.6181    
 202.56E-6  11.065    
 202.58E-6  8.2514    
 202.6E-6   3.2336    
 202.62E-6 -1.5066    
 202.64E-6 -0.41232   
 202.66E-6  4.2304    
 202.68E-6  9.3032    
 202.7E-6   11.268    
 202.72E-6  8.8196    
 202.74E-6  3.7623    
 202.76E-6 -1.355     
 202.78E-6 -0.8762    
 202.8E-6   3.297     
 202.82E-6  8.648     
 202.84E-6  11.343    
 202.86E-6  9.5562    
 202.87E-6  4.6323    
 202.89E-6 -1.1722    
 202.91E-6 -1.0237    
 202.93E-6  2.5747    
 202.95E-6  7.9783    
 202.97E-6  11.192    
 202.99E-6  10.019    
 203.01E-6  5.3723    
 203.03E-6 -0.94079   
 203.05E-6 -1.0651    
 203.07E-6  2.1329    
 203.09E-6  7.445     
 203.11E-6  10.942    
 203.13E-6  10.22     
 203.15E-6  5.8746    
 203.17E-6  0.64942   
 203.19E-6 -1.3124    
 203.21E-6  1.285     
 203.23E-6  6.6727    
 203.25E-6  10.777    
 203.27E-6  10.771    
 203.29E-6  6.7387    
 203.3E-6   1.5834    
 203.32E-6 -1.3848    
 203.34E-6  0.72523   
 203.36E-6  5.9705    
 203.38E-6  10.432    
 203.4E-6   11.014    
 203.42E-6  7.3897    
 203.44E-6  2.2199    
 203.46E-6 -1.3836    
 203.48E-6  0.2287    
 203.5E-6   5.2483    
 203.52E-6  9.9767    
 203.54E-6  11.149    
 203.56E-6  8.0083    
 203.58E-6  2.8818    
 203.6E-6  -1.44      
 203.62E-6 -0.33144   
 203.64E-6  4.4628    
 203.66E-6  9.4967    
 203.68E-6  11.337    
 203.7E-6   8.7149    
 203.71E-6  3.5627    
 203.73E-6 -1.4248    
 203.75E-6 -0.86223   
 203.77E-6  3.4165    
 203.79E-6  8.7786    
 203.81E-6  11.393    
 203.83E-6  9.4928    
 203.85E-6  4.5019    
 203.87E-6 -1.22      
 203.89E-6 -1.0214    
 203.91E-6  2.6416    
 203.93E-6  8.0679    
 203.95E-6  11.241    
 203.97E-6  9.9942    
 203.99E-6  5.2922    
 204.01E-6 -0.95779   
 204.03E-6 -1.0738    
 204.05E-6  2.1809    
 204.07E-6  7.5432    
 204.09E-6  11.02     
 204.11E-6  10.225    
 204.12E-6  5.8036    
 204.14E-6  0.22467   
 204.16E-6 -1.2449    
 204.18E-6  1.5106    
 204.2E-6   6.919     
 204.22E-6  10.877    
 204.24E-6  10.652    
 204.26E-6  6.491     
 204.28E-6  1.4192    
 204.3E-6  -1.4084    
 204.32E-6  0.66547   
 204.34E-6  5.9523    
 204.36E-6  10.443    
 204.38E-6  11.093    
 204.4E-6   7.4916    
 204.42E-6  2.2348    
 204.44E-6 -1.4297    
 204.46E-6  0.12657   
 204.48E-6  5.1931    
 204.5E-6   10.002    
 204.52E-6  11.232    
 204.54E-6  8.0647    
 204.55E-6  2.8352    
 204.57E-6 -1.4691    
 204.59E-6 -0.33519   
 204.61E-6  4.4841    
 204.63E-6  9.5264    
 204.65E-6  11.354    
 204.67E-6  8.708     
 204.69E-6  3.5368    
 204.71E-6 -1.4385    
 204.73E-6 -0.85905   
 204.75E-6  3.4317    
 204.77E-6  8.8017    
 204.79E-6  11.408    
 204.81E-6  9.4889    
 204.83E-6  4.4827    
 204.85E-6 -1.2216    
 204.87E-6 -1.0205    
 204.89E-6  2.6499    
 204.91E-6  8.0625    
 204.93E-6  11.226    
 204.95E-6  9.9802    
 204.96E-6  5.289     
 204.98E-6 -0.95698   
 205.E-6   -1.0717    
 205.02E-6  2.2061    
 205.04E-6  7.5557    
 205.06E-6  11.012    
 205.08E-6  10.201    
 205.1E-6   5.7822    
 205.12E-6  0.13719   
 205.14E-6 -1.2314    
 205.16E-6  1.5756    
 205.18E-6  6.9654    
 205.2E-6   10.873    
 205.22E-6  10.601    
 205.24E-6  6.4301    
 205.26E-6  1.3899    
 205.28E-6 -1.4012    
 205.3E-6   0.72952   
 205.32E-6  6.0275    
 205.34E-6  10.467    
 205.36E-6  11.051    
 205.37E-6  7.4134    
 205.39E-6  2.1758    
 205.41E-6 -1.3914    
 205.43E-6  0.24112   
 205.45E-6  5.3134    
 205.47E-6  10.044    
 205.49E-6  11.167    
 205.51E-6  7.9415    
 205.53E-6  2.7825    
 205.55E-6 -1.4459    
 205.57E-6 -0.26454   
 205.59E-6  4.589     
 205.61E-6  9.6186    
 205.63E-6  11.321    
 205.65E-6  8.5787    
 205.67E-6  3.4021    
 205.69E-6 -1.4443    
 205.71E-6 -0.79249   
 205.73E-6  3.6083    
 205.75E-6  8.9145    
 205.77E-6  11.426    
 205.79E-6  9.4009    
 205.8E-6   4.3519    
 205.82E-6 -1.2563    
 205.84E-6 -1.0092    
 205.86E-6  2.7533    
 205.88E-6  8.1418    
 205.9E-6   11.227    
 205.92E-6  9.8977    
 205.94E-6  5.1811    
 205.96E-6 -1.0001    
 205.98E-6 -1.0598    
 206.E-6    2.2844    
 206.02E-6  7.6337    
 206.04E-6  11.035    
 206.06E-6  10.152    
 206.08E-6  5.6941    
 206.1E-6  -0.29142   
 206.12E-6 -1.1525    
 206.14E-6  1.8088    
 206.16E-6  7.1768    
 206.18E-6  10.916    
 206.2E-6   10.449    
 206.21E-6  6.1933    
 206.23E-6  1.2149    
 206.25E-6 -1.3809    
 206.27E-6  0.94568   
 206.29E-6  6.2511    
 206.31E-6  10.553    
 206.33E-6  10.942    
 206.35E-6  7.1892    
 206.37E-6  1.9953    
 206.39E-6 -1.3684    
 206.41E-6  0.42887   
 206.43E-6  5.5195    
 206.45E-6  10.145    
 206.47E-6  11.087    
 206.49E-6  7.7647    
 206.51E-6  2.6297    
 206.53E-6 -1.4539    
 206.55E-6 -0.15567   
 206.57E-6  4.7552    
 206.59E-6  9.7342    
 206.61E-6  11.305    
 206.62E-6  8.4275    
 206.64E-6  3.2698    
 206.66E-6 -1.4107    
 206.68E-6 -0.50905   
 206.7E-6   4.1184    
 206.72E-6  9.2264    
 206.74E-6  11.327    
 206.76E-6  8.9674    
 206.78E-6  3.895     
 206.8E-6  -1.342     
 206.82E-6 -0.91335   
 206.84E-6  3.1685    
 206.86E-6  8.5255    
 206.88E-6  11.312    
 206.9E-6   9.6363    
 206.92E-6  4.7652    
 206.94E-6 -1.1333    
 206.96E-6 -1.034     
 206.98E-6  2.4995    
 207.E-6    7.8957    
 207.02E-6  11.16     
 207.04E-6  10.056    
 207.05E-6  5.45      
 207.07E-6 -0.87995   
 207.09E-6 -1.0705    
 207.11E-6  2.1324    
 207.13E-6  7.4536    
 207.15E-6  10.953    
 207.17E-6  10.226    
 207.19E-6  5.8714    
 207.21E-6  0.60505   
 207.23E-6 -1.3086    
 207.25E-6  1.2939    
 207.27E-6  6.6892    
 207.29E-6  10.776    
 207.31E-6  10.799    
 207.33E-6  6.7872    
 207.35E-6  1.6202    
 207.37E-6 -1.3355    
 207.39E-6  0.74613   
 207.41E-6  5.9609    
 207.43E-6  10.391    
 207.45E-6  10.977    
 207.46E-6  7.3768    
 207.48E-6  2.202     
 207.5E-6  -1.408     
 207.52E-6  0.23327   
 207.54E-6  5.3012    
 207.56E-6  10.019    
 207.58E-6  11.187    
 207.6E-6   8.0089    
 207.62E-6  2.8499    
 207.64E-6 -1.3389    
 207.66E-6 -0.041003  
 207.68E-6  4.7839    
 207.7E-6   9.6388    
 207.72E-6  11.171    
 207.74E-6  8.3667    
 207.76E-6  3.2776    
 207.78E-6 -1.4231    
 207.8E-6  -0.50911   
 207.82E-6  4.126     
 207.84E-6  9.2646    
 207.86E-6  11.321    
 207.87E-6  8.9249    
 207.89E-6  3.8455    
 207.91E-6 -1.3479    
 207.93E-6 -0.90208   
 207.95E-6  3.2097    
 207.97E-6  8.566     
 207.99E-6  11.323    
 208.01E-6  9.6115    
 208.03E-6  4.7221    
 208.05E-6 -1.1466    
 208.07E-6 -1.0319    
 208.09E-6  2.5175    
 208.11E-6  7.9249    
 208.13E-6  11.18     
 208.15E-6  10.055    
 208.17E-6  5.4306    
 208.19E-6 -0.89092   
 208.21E-6 -1.0765    
 208.23E-6  2.1397    
 208.25E-6  7.462     
 208.27E-6  10.957    
 208.29E-6  10.223    
 208.3E-6   5.8632    
 208.32E-6  0.57772   
 208.34E-6 -1.3069    
 208.36E-6  1.328     
 208.38E-6  6.7023    
 208.4E-6   10.773    
 208.42E-6  10.737    
 208.44E-6  6.6988    
 208.46E-6  1.5658    
 208.48E-6 -1.3842    
 208.5E-6   0.75312   
 208.52E-6  6.0178    
 208.54E-6  10.466    
 208.56E-6  11.005    
 208.58E-6  7.34      
 208.6E-6   2.1273    
 208.62E-6 -1.3566    
 208.64E-6  0.32452   
 208.66E-6  5.3944    
 208.68E-6  10.066    
 208.7E-6   11.116    
 208.71E-6  7.8546    
 208.73E-6  2.721     
 208.75E-6 -1.4469    
 208.77E-6 -0.18057   
 208.79E-6  4.6895    
 208.81E-6  9.6356    
 208.83E-6  11.293    
 208.85E-6  8.5224    
 208.87E-6  3.3595    
 208.89E-6 -1.4458    
 208.91E-6 -0.7333    
 208.93E-6  3.7448    
 208.95E-6  9.0474    
 208.97E-6  11.416    
 208.99E-6  9.259     
 209.01E-6  4.1803    
 209.03E-6 -1.301     
 209.05E-6 -0.98223   
 209.07E-6  2.8664    
 209.09E-6  8.2896    
 209.11E-6  11.305    
 209.12E-6  9.859     
 209.14E-6  5.0566    
 209.16E-6 -1.0445    
 209.18E-6 -1.0644    
 209.2E-6   2.3223    
 209.22E-6  7.6878    
 209.24E-6  11.067    
 209.26E-6  10.143    
 209.28E-6  5.6533    
 209.3E-6  -0.50448   
 209.32E-6 -1.14      
 209.34E-6  1.8926    
 209.36E-6  7.2604    
 209.38E-6  10.941    
 209.4E-6   10.399    
 209.42E-6  6.1051    
 209.44E-6  1.1119    
 209.46E-6 -1.3729    
 209.48E-6  1.0208    
 209.5E-6   6.3479    
 209.52E-6  10.604    
 209.54E-6  10.913    
 209.55E-6  7.1016    
 209.57E-6  1.9117    
 209.59E-6 -1.4204    
 209.61E-6  0.39464   
 209.63E-6  5.559     
 209.65E-6  10.229    
 209.67E-6  11.156    
 209.69E-6  7.7708    
 209.71E-6  2.5704    
 209.73E-6 -1.472     
 209.75E-6 -0.13899   
 209.77E-6  4.7803    
 209.79E-6  9.7126    
 209.81E-6  11.303    
 209.83E-6  8.4597    
 209.85E-6  3.2695    
 209.87E-6 -1.4335    
 209.89E-6 -0.55235   
 209.91E-6  4.092     
 209.93E-6  9.2678    
 209.95E-6  11.358    
 209.96E-6  8.9696    
 209.98E-6  3.8661    
 210.E-6   -1.3576    
 210.02E-6 -0.91904   
 210.04E-6  3.1625    
 210.06E-6  8.5346    
 210.08E-6  11.329    
 210.1E-6   9.6498    
 210.12E-6  4.7655    
 210.14E-6 -1.1314    
 210.16E-6 -1.0377    
 210.18E-6  2.4871    
 210.2E-6   7.8833    
 210.22E-6  11.156    
 210.24E-6  10.063    
 210.26E-6  5.4631    
 210.28E-6 -0.87459   
 210.3E-6  -1.0709    
 210.32E-6  2.1284    
 210.34E-6  7.4493    
 210.36E-6  10.952    
 210.37E-6  10.229    
 210.39E-6  5.8758    
 210.41E-6  0.62252   
 210.43E-6 -1.3105    
 210.45E-6  1.2864    
 210.47E-6  6.6799    
 210.49E-6  10.772    
 210.51E-6  10.803    
 210.53E-6  6.7958    
 210.55E-6  1.6282    
 210.57E-6 -1.3938    
 210.59E-6  0.70576   
 210.61E-6  5.9521    
 210.63E-6  10.419    
 210.65E-6  11.021    
 210.67E-6  7.4065    
 210.69E-6  2.1962    
 210.71E-6 -1.3942    
 210.73E-6  0.25112   
 210.75E-6  5.3094    
 210.77E-6  10.012    
 210.79E-6  11.17     
 210.8E-6   7.994     
 210.82E-6  2.8472    
 210.84E-6 -1.3351    
 210.86E-6 -0.030863  
 210.88E-6  4.7985    
 210.9E-6   9.6475    
 210.92E-6  11.168    
 210.94E-6  8.3542    
 210.96E-6  3.2646    
 210.98E-6 -1.4176    
 211.E-6   -0.4975
