#Time       v(vout)   
 0.         5.        
 1.E-9      4.9985    
 2.E-9      4.997     
 3.E-9      4.9956    
 4.E-9      4.9941    
 5.E-9      4.9927    
 6.E-9      4.9913    
 7.E-9      4.9899    
 8.E-9      4.9886    
 9.E-9      4.9873    
 10.E-9     4.986     
 11.E-9     4.9849    
 12.E-9     4.9838    
 13.E-9     4.9827    
 14.E-9     4.9818    
 15.E-9     4.9809    
 16.E-9     4.9802    
 17.E-9     4.9795    
 18.E-9     4.979     
 19.E-9     4.9786    
 20.E-9     4.9783    
 21.E-9     4.9782    
 22.E-9     4.9782    
 23.E-9     4.9783    
 24.E-9     4.9786    
 25.E-9     4.9791    
 26.E-9     4.9797    
 27.E-9     4.9805    
 28.E-9     4.9815    
 29.E-9     4.9826    
 30.E-9     4.984     
 31.E-9     4.9854    
 32.E-9     4.9871    
 33.E-9     4.9889    
 34.E-9     4.9909    
 35.E-9     4.9931    
 36.E-9     4.9954    
 37.E-9     4.9979    
 38.E-9     5.0005    
 39.E-9     5.0032    
 40.E-9     5.0061    
 41.E-9     5.0091    
 42.E-9     5.0122    
 43.E-9     5.0154    
 44.E-9     5.0187    
 45.E-9     5.022     
 46.E-9     5.0254    
 47.E-9     5.0289    
 48.E-9     5.0323    
 49.E-9     5.0358    
 50.E-9     5.0393    
 51.E-9     5.0427    
 52.E-9     5.0461    
 53.E-9     5.0495    
 54.E-9     5.0528    
 55.E-9     5.056     
 56.E-9     5.059     
 57.E-9     5.062     
 58.E-9     5.0648    
 59.E-9     5.0674    
 60.E-9     5.0698    
 61.E-9     5.072     
 62.E-9     5.074     
 63.E-9     5.0757    
 64.E-9     5.0771    
 65.E-9     5.0782    
 66.E-9     5.079     
 67.E-9     5.0795    
 68.E-9     5.0795    
 69.E-9     5.0792    
 70.E-9     5.0784    
 71.E-9     5.0771    
 72.E-9     5.0753    
 73.E-9     5.073     
 74.E-9     5.0702    
 75.E-9     5.0667    
 76.E-9     5.0625    
 77.E-9     5.0577    
 78.E-9     5.0522    
 79.E-9     5.0459    
 80.E-9     5.0389    
 81.E-9     5.0309    
 82.E-9     5.0222    
 83.E-9     5.0125    
 84.E-9     5.0019    
 85.E-9     4.9903    
 86.E-9     4.9778    
 87.E-9     4.9643    
 88.E-9     4.9499    
 89.E-9     4.9345    
 90.E-9     4.9182    
 91.E-9     4.9011    
 92.E-9     4.8832    
 93.E-9     4.8646    
 94.E-9     4.8456    
 95.E-9     4.8261    
 96.E-9     4.8064    
 97.E-9     4.7867    
 98.E-9     4.7672    
 99.E-9     4.7481    
 100.E-9    4.7298    
 101.E-9    4.7124    
 102.E-9    4.6962    
 103.E-9    4.6815    
 104.E-9    4.6686    
 105.E-9    4.6576    
 106.E-9    4.6487    
 107.E-9    4.6422    
 108.E-9    4.6381    
 109.E-9    4.6366    
 110.E-9    4.6375    
 111.E-9    4.641     
 112.E-9    4.647     
 113.E-9    4.6553    
 114.E-9    4.6659    
 115.E-9    4.6785    
 116.E-9    4.6929    
 117.E-9    4.7091    
 118.E-9    4.7267    
 119.E-9    4.7456    
 120.E-9    4.7657    
 121.E-9    4.7867    
 122.E-9    4.8086    
 123.E-9    4.8312    
 124.E-9    4.8543    
 125.E-9    4.8779    
 126.E-9    4.9019    
 127.E-9    4.9262    
 128.E-9    4.9508    
 129.E-9    4.9754    
 130.E-9    5.0002    
 131.E-9    5.0249    
 132.E-9    5.0496    
 133.E-9    5.0743    
 134.E-9    5.0987    
 135.E-9    5.123     
 136.E-9    5.147     
 137.E-9    5.1708    
 138.E-9    5.1941    
 139.E-9    5.2171    
 140.E-9    5.2396    
 141.E-9    5.2616    
 142.E-9    5.2831    
 143.E-9    5.304     
 144.E-9    5.3243    
 145.E-9    5.344     
 146.E-9    5.3629    
 147.E-9    5.3811    
 148.E-9    5.3986    
 149.E-9    5.4152    
 150.E-9    5.431     
 151.E-9    5.4459    
 152.E-9    5.4599    
 153.E-9    5.473     
 154.E-9    5.4852    
 155.E-9    5.4964    
 156.E-9    5.5066    
 157.E-9    5.5158    
 158.E-9    5.5239    
 159.E-9    5.531     
 160.E-9    5.5371    
 161.E-9    5.5421    
 162.E-9    5.546     
 163.E-9    5.5488    
 164.E-9    5.5505    
 165.E-9    5.5512    
 166.E-9    5.5507    
 167.E-9    5.5492    
 168.E-9    5.5465    
 169.E-9    5.5428    
 170.E-9    5.5381    
 171.E-9    5.5322    
 172.E-9    5.5253    
 173.E-9    5.5174    
 174.E-9    5.5085    
 175.E-9    5.4985    
 176.E-9    5.4876    
 177.E-9    5.4757    
 178.E-9    5.4628    
 179.E-9    5.4489    
 180.E-9    5.434     
 181.E-9    5.4181    
 182.E-9    5.401     
 183.E-9    5.3825    
 184.E-9    5.3624    
 185.E-9    5.3398    
 186.E-9    5.3136    
 187.E-9    5.2822    
 188.E-9    5.2425    
 189.E-9    5.1905    
 190.E-9    5.1211    
 191.E-9    5.0284    
 192.E-9    4.9069    
 193.E-9    4.7521    
 194.E-9    4.5612    
 195.E-9    4.3333    
 196.E-9    4.0693    
 197.E-9    3.7718    
 198.E-9    3.4452    
 199.E-9    3.0954    
 200.E-9    2.7297    
 201.E-9    2.357     
 202.E-9    1.9874    
 203.E-9    1.6319    
 204.E-9    1.3021    
 205.E-9    1.0101    
 206.E-9    0.76743   
 207.E-9    0.58421   
 208.E-9    0.46769   
 209.E-9    0.41551   
 210.E-9    0.42256   
 211.E-9    0.47297   
 212.E-9    0.54934   
 213.E-9    0.64048   
 214.E-9    0.74432   
 215.E-9    0.85501   
 216.E-9    0.97343   
 217.E-9    1.0997    
 218.E-9    1.2336    
 219.E-9    1.3749    
 220.E-9    1.5232    
 221.E-9    1.6784    
 222.E-9    1.84      
 223.E-9    2.0078    
 224.E-9    2.1814    
 225.E-9    2.3604    
 226.E-9    2.5445    
 227.E-9    2.7333    
 228.E-9    2.9264    
 229.E-9    3.1235    
 230.E-9    3.3241    
 231.E-9    3.5279    
 232.E-9    3.7344    
 233.E-9    3.9432    
 234.E-9    4.1538    
 235.E-9    4.366     
 236.E-9    4.5792    
 237.E-9    4.793     
 238.E-9    5.007     
 239.E-9    5.2207    
 240.E-9    5.4338    
 241.E-9    5.6458    
 242.E-9    5.8562    
 243.E-9    6.0648    
 244.E-9    6.271     
 245.E-9    6.4744    
 246.E-9    6.6747    
 247.E-9    6.8714    
 248.E-9    7.0642    
 249.E-9    7.2527    
 250.E-9    7.4364    
 251.E-9    7.6151    
 252.E-9    7.7884    
 253.E-9    7.956     
 254.E-9    8.1174    
 255.E-9    8.2725    
 256.E-9    8.4209    
 257.E-9    8.5623    
 258.E-9    8.6965    
 259.E-9    8.8231    
 260.E-9    8.942     
 261.E-9    9.0528    
 262.E-9    9.1555    
 263.E-9    9.2498    
 264.E-9    9.3355    
 265.E-9    9.4125    
 266.E-9    9.4806    
 267.E-9    9.5396    
 268.E-9    9.5896    
 269.E-9    9.6304    
 270.E-9    9.6618    
 271.E-9    9.684     
 272.E-9    9.6968    
 273.E-9    9.7002    
 274.E-9    9.6943    
 275.E-9    9.6789    
 276.E-9    9.6543    
 277.E-9    9.6205    
 278.E-9    9.5774    
 279.E-9    9.5253    
 280.E-9    9.4642    
 281.E-9    9.3943    
 282.E-9    9.3158    
 283.E-9    9.2287    
 284.E-9    9.1333    
 285.E-9    9.0297    
 286.E-9    8.9182    
 287.E-9    8.7991    
 288.E-9    8.6725    
 289.E-9    8.5388    
 290.E-9    8.3981    
 291.E-9    8.2509    
 292.E-9    8.0973    
 293.E-9    7.9377    
 294.E-9    7.7725    
 295.E-9    7.6019    
 296.E-9    7.4264    
 297.E-9    7.2462    
 298.E-9    7.0617    
 299.E-9    6.8734    
 300.E-9    6.6816    
 301.E-9    6.4866    
 302.E-9    6.2889    
 303.E-9    6.0888    
 304.E-9    5.8869    
 305.E-9    5.6834    
 306.E-9    5.4787    
 307.E-9    5.2734    
 308.E-9    5.0678    
 309.E-9    4.8623    
 310.E-9    4.6573    
 311.E-9    4.4532    
 312.E-9    4.2505    
 313.E-9    4.0495    
 314.E-9    3.8507    
 315.E-9    3.6544    
 316.E-9    3.461     
 317.E-9    3.2709    
 318.E-9    3.0845    
 319.E-9    2.9022    
 320.E-9    2.7243    
 321.E-9    2.5511    
 322.E-9    2.383     
 323.E-9    2.2188    
 324.E-9    2.0372    
 325.E-9    1.7402    
 326.E-9    1.217     
 327.E-9    0.43346   
 328.E-9   -0.60709   
 329.E-9   -1.149     
 330.E-9   -1.2076    
 331.E-9   -1.2383    
 332.E-9   -1.2553    
 333.E-9   -1.2643    
 334.E-9   -1.2675    
 335.E-9   -1.2655    
 336.E-9   -1.2581    
 337.E-9   -1.2454    
 338.E-9   -1.2273    
 339.E-9   -1.2041    
 340.E-9   -1.1759    
 341.E-9   -1.1428    
 342.E-9   -1.105     
 343.E-9   -1.0625    
 344.E-9   -1.0154    
 345.E-9   -0.9634    
 346.E-9   -0.90595   
 347.E-9   -0.84134   
 348.E-9   -0.76364   
 349.E-9   -0.65889   
 350.E-9   -0.52604   
 351.E-9   -0.37627   
 352.E-9   -0.21514   
 353.E-9   -0.04357   
 354.E-9    0.13777   
 355.E-9    0.32862   
 356.E-9    0.5286    
 357.E-9    0.73729   
 358.E-9    0.95428   
 359.E-9    1.1791    
 360.E-9    1.4113    
 361.E-9    1.6505    
 362.E-9    1.8961    
 363.E-9    2.1476    
 364.E-9    2.4045    
 365.E-9    2.6664    
 366.E-9    2.9326    
 367.E-9    3.2027    
 368.E-9    3.4761    
 369.E-9    3.7522    
 370.E-9    4.0305    
 371.E-9    4.3105    
 372.E-9    4.5915    
 373.E-9    4.8731    
 374.E-9    5.1546    
 375.E-9    5.4355    
 376.E-9    5.7152    
 377.E-9    5.9932    
 378.E-9    6.2689    
 379.E-9    6.5418    
 380.E-9    6.8113    
 381.E-9    7.0769    
 382.E-9    7.3381    
 383.E-9    7.5943    
 384.E-9    7.8451    
 385.E-9    8.0899    
 386.E-9    8.3283    
 387.E-9    8.5599    
 388.E-9    8.784     
 389.E-9    9.0004    
 390.E-9    9.2085    
 391.E-9    9.408     
 392.E-9    9.5985    
 393.E-9    9.7797    
 394.E-9    9.9511    
 395.E-9    10.112    
 396.E-9    10.263    
 397.E-9    10.404    
 398.E-9    10.533    
 399.E-9    10.651    
 400.E-9    10.758    
 401.E-9    10.853    
 402.E-9    10.937    
 403.E-9    11.008    
 404.E-9    11.068    
 405.E-9    11.115    
 406.E-9    11.15     
 407.E-9    11.173    
 408.E-9    11.183    
 409.E-9    11.181    
 410.E-9    11.167    
 411.E-9    11.14     
 412.E-9    11.101    
 413.E-9    11.05     
 414.E-9    10.988    
 415.E-9    10.913    
 416.E-9    10.826    
 417.E-9    10.728    
 418.E-9    10.619    
 419.E-9    10.499    
 420.E-9    10.367    
 421.E-9    10.226    
 422.E-9    10.074    
 423.E-9    9.9118    
 424.E-9    9.7402    
 425.E-9    9.5594    
 426.E-9    9.3697    
 427.E-9    9.1715    
 428.E-9    8.9653    
 429.E-9    8.7513    
 430.E-9    8.5302    
 431.E-9    8.3022    
 432.E-9    8.0679    
 433.E-9    7.8278    
 434.E-9    7.5824    
 435.E-9    7.332     
 436.E-9    7.0774    
 437.E-9    6.8188    
 438.E-9    6.557     
 439.E-9    6.2924    
 440.E-9    6.0254    
 441.E-9    5.7568    
 442.E-9    5.487     
 443.E-9    5.2165    
 444.E-9    4.9459    
 445.E-9    4.6758    
 446.E-9    4.4066    
 447.E-9    4.1389    
 448.E-9    3.8733    
 449.E-9    3.6102    
 450.E-9    3.3502    
 451.E-9    3.0939    
 452.E-9    2.8416    
 453.E-9    2.5939    
 454.E-9    2.3514    
 455.E-9    2.1144    
 456.E-9    1.8835    
 457.E-9    1.6591    
 458.E-9    1.4416    
 459.E-9    1.2295    
 460.E-9    0.97577   
 461.E-9    0.5163    
 462.E-9   -0.27908   
 463.E-9   -1.0466    
 464.E-9   -1.2197    
 465.E-9   -1.2934    
 466.E-9   -1.3408    
 467.E-9   -1.3715    
 468.E-9   -1.3923    
 469.E-9   -1.4079    
 470.E-9   -1.4193    
 471.E-9   -1.4256    
 472.E-9   -1.4262    
 473.E-9   -1.421     
 474.E-9   -1.41      
 475.E-9   -1.3934    
 476.E-9   -1.3715    
 477.E-9   -1.3444    
 478.E-9   -1.3124    
 479.E-9   -1.2756    
 480.E-9   -1.2343    
 481.E-9   -1.1887    
 482.E-9   -1.1387    
 483.E-9   -1.0846    
 484.E-9   -1.0261    
 485.E-9   -0.96284   
 486.E-9   -0.89391   
 487.E-9   -0.81591   
 488.E-9   -0.71624   
 489.E-9   -0.58328   
 490.E-9   -0.42624   
 491.E-9   -0.25593   
 492.E-9   -0.074754  
 493.E-9    0.116     
 494.E-9    0.31629   
 495.E-9    0.52572   
 496.E-9    0.74387   
 497.E-9    0.97028   
 498.E-9    1.2045    
 499.E-9    1.446     
 500.E-9    1.6944    
 501.E-9    1.9492    
 502.E-9    2.2097    
 503.E-9    2.4755    
 504.E-9    2.7461    
 505.E-9    3.0209    
 506.E-9    3.2994    
 507.E-9    3.581     
 508.E-9    3.8651    
 509.E-9    4.1511    
 510.E-9    4.4385    
 511.E-9    4.7268    
 512.E-9    5.0153    
 513.E-9    5.3034    
 514.E-9    5.5907    
 515.E-9    5.8764    
 516.E-9    6.1601    
 517.E-9    6.4412    
 518.E-9    6.7191    
 519.E-9    6.9932    
 520.E-9    7.2631    
 521.E-9    7.5282    
 522.E-9    7.7879    
 523.E-9    8.0418    
 524.E-9    8.2894    
 525.E-9    8.5301    
 526.E-9    8.7636    
 527.E-9    8.9892    
 528.E-9    9.2067    
 529.E-9    9.4155    
 530.E-9    9.6153    
 531.E-9    9.8057    
 532.E-9    9.9863    
 533.E-9    10.157    
 534.E-9    10.317    
 535.E-9    10.466    
 536.E-9    10.604    
 537.E-9    10.731    
 538.E-9    10.846    
 539.E-9    10.949    
 540.E-9    11.041    
 541.E-9    11.12     
 542.E-9    11.187    
 543.E-9    11.242    
 544.E-9    11.284    
 545.E-9    11.313    
 546.E-9    11.33     
 547.E-9    11.335    
 548.E-9    11.326    
 549.E-9    11.305    
 550.E-9    11.272    
 551.E-9    11.226    
 552.E-9    11.167    
 553.E-9    11.097    
 554.E-9    11.014    
 555.E-9    10.92     
 556.E-9    10.813    
 557.E-9    10.696    
 558.E-9    10.567    
 559.E-9    10.427    
 560.E-9    10.276    
 561.E-9    10.115    
 562.E-9    9.9443    
 563.E-9    9.7637    
 564.E-9    9.5738    
 565.E-9    9.3751    
 566.E-9    9.1678    
 567.E-9    8.9525    
 568.E-9    8.7295    
 569.E-9    8.4994    
 570.E-9    8.2625    
 571.E-9    8.0195    
 572.E-9    7.7706    
 573.E-9    7.5166    
 574.E-9    7.2578    
 575.E-9    6.9949    
 576.E-9    6.7282    
 577.E-9    6.4585    
 578.E-9    6.1861    
 579.E-9    5.9117    
 580.E-9    5.6358    
 581.E-9    5.359     
 582.E-9    5.0818    
 583.E-9    4.8047    
 584.E-9    4.5284    
 585.E-9    4.2533    
 586.E-9    3.9801    
 587.E-9    3.7092    
 588.E-9    3.4412    
 589.E-9    3.1767    
 590.E-9    2.9161    
 591.E-9    2.66      
 592.E-9    2.4088    
 593.E-9    2.1632    
 594.E-9    1.9235    
 595.E-9    1.6902    
 596.E-9    1.4638    
 597.E-9    1.2433    
 598.E-9    0.98451   
 599.E-9    0.51943   
 600.E-9   -0.2968    
 601.E-9   -1.0612    
 602.E-9   -1.2354    
 603.E-9   -1.3135    
 604.E-9   -1.3645    
 605.E-9   -1.3979    
 606.E-9   -1.4209    
 607.E-9   -1.4386    
 608.E-9   -1.4523    
 609.E-9   -1.4611    
 610.E-9   -1.4641    
 611.E-9   -1.4611    
 612.E-9   -1.4522    
 613.E-9   -1.4377    
 614.E-9   -1.4177    
 615.E-9   -1.3924    
 616.E-9   -1.3621    
 617.E-9   -1.327     
 618.E-9   -1.2872    
 619.E-9   -1.2431    
 620.E-9   -1.1946    
 621.E-9   -1.142     
 622.E-9   -1.0853    
 623.E-9   -1.0242    
 624.E-9   -0.95849   
 625.E-9   -0.88683   
 626.E-9   -0.80513   
 627.E-9   -0.69842   
 628.E-9   -0.55781   
 629.E-9   -0.39534   
 630.E-9   -0.22041   
 631.E-9   -0.034891  
 632.E-9    0.16026   
 633.E-9    0.36486   
 634.E-9    0.5785    
 635.E-9    0.80074   
 636.E-9    1.0311    
 637.E-9    1.2692    
 638.E-9    1.5145    
 639.E-9    1.7664    
 640.E-9    2.0246    
 641.E-9    2.2884    
 642.E-9    2.5574    
 643.E-9    2.8309    
 644.E-9    3.1085    
 645.E-9    3.3896    
 646.E-9    3.6735    
 647.E-9    3.9599    
 648.E-9    4.2479    
 649.E-9    4.5372    
 650.E-9    4.8271    
 651.E-9    5.117     
 652.E-9    5.4064    
 653.E-9    5.6947    
 654.E-9    5.9813    
 655.E-9    6.2656    
 656.E-9    6.547     
 657.E-9    6.8251    
 658.E-9    7.0992    
 659.E-9    7.3689    
 660.E-9    7.6335    
 661.E-9    7.8926    
 662.E-9    8.1456    
 663.E-9    8.3921    
 664.E-9    8.6316    
 665.E-9    8.8635    
 666.E-9    9.0875    
 667.E-9    9.3031    
 668.E-9    9.5099    
 669.E-9    9.7074    
 670.E-9    9.8954    
 671.E-9    10.073    
 672.E-9    10.241    
 673.E-9    10.398    
 674.E-9    10.544    
 675.E-9    10.679    
 676.E-9    10.802    
 677.E-9    10.914    
 678.E-9    11.014    
 679.E-9    11.101    
 680.E-9    11.177    
 681.E-9    11.24     
 682.E-9    11.29     
 683.E-9    11.328    
 684.E-9    11.353    
 685.E-9    11.366    
 686.E-9    11.366    
 687.E-9    11.353    
 688.E-9    11.327    
 689.E-9    11.289    
 690.E-9    11.239    
 691.E-9    11.176    
 692.E-9    11.1      
 693.E-9    11.013    
 694.E-9    10.914    
 695.E-9    10.803    
 696.E-9    10.681    
 697.E-9    10.547    
 698.E-9    10.403    
 699.E-9    10.248    
 700.E-9    10.082    
 701.E-9    9.9072    
 702.E-9    9.7224    
 703.E-9    9.5284    
 704.E-9    9.3255    
 705.E-9    9.1143    
 706.E-9    8.8951    
 707.E-9    8.6684    
 708.E-9    8.4346    
 709.E-9    8.1943    
 710.E-9    7.9479    
 711.E-9    7.6959    
 712.E-9    7.4388    
 713.E-9    7.1772    
 714.E-9    6.9115    
 715.E-9    6.6423    
 716.E-9    6.3701    
 717.E-9    6.0956    
 718.E-9    5.8192    
 719.E-9    5.5415    
 720.E-9    5.263     
 721.E-9    4.9844    
 722.E-9    4.7061    
 723.E-9    4.4287    
 724.E-9    4.1528    
 725.E-9    3.8789    
 726.E-9    3.6076    
 727.E-9    3.3394    
 728.E-9    3.0748    
 729.E-9    2.8144    
 730.E-9    2.5586    
 731.E-9    2.3081    
 732.E-9    2.0632    
 733.E-9    1.8245    
 734.E-9    1.5924    
 735.E-9    1.3672    
 736.E-9    1.1411    
 737.E-9    0.80971   
 738.E-9    0.19121   
 739.E-9   -0.80248   
 740.E-9   -1.1966    
 741.E-9   -1.2888    
 742.E-9   -1.3498    
 743.E-9   -1.3899    
 744.E-9   -1.4162    
 745.E-9   -1.4356    
 746.E-9   -1.4515    
 747.E-9   -1.4634    
 748.E-9   -1.47      
 749.E-9   -1.4707    
 750.E-9   -1.4654    
 751.E-9   -1.4543    
 752.E-9   -1.4376    
 753.E-9   -1.4155    
 754.E-9   -1.3882    
 755.E-9   -1.356     
 756.E-9   -1.319     
 757.E-9   -1.2775    
 758.E-9   -1.2316    
 759.E-9   -1.1815    
 760.E-9   -1.1273    
 761.E-9   -1.0689    
 762.E-9   -1.0062    
 763.E-9   -0.93851   
 764.E-9   -0.8642    
 765.E-9   -0.77704   
 766.E-9   -0.6594    
 767.E-9   -0.50965   
 768.E-9   -0.34222   
 769.E-9   -0.16354   
 770.E-9    0.025404  
 771.E-9    0.22399   
 772.E-9    0.4319    
 773.E-9    0.64872   
 774.E-9    0.87399   
 775.E-9    1.1073    
 776.E-9    1.3481    
 777.E-9    1.5959    
 778.E-9    1.8503    
 779.E-9    2.1107    
 780.E-9    2.3765    
 781.E-9    2.6474    
 782.E-9    2.9226    
 783.E-9    3.2017    
 784.E-9    3.4841    
 785.E-9    3.7692    
 786.E-9    4.0565    
 787.E-9    4.3453    
 788.E-9    4.6351    
 789.E-9    4.9254    
 790.E-9    5.2155    
 791.E-9    5.5048    
 792.E-9    5.7928    
 793.E-9    6.079     
 794.E-9    6.3626    
 795.E-9    6.6433    
 796.E-9    6.9204    
 797.E-9    7.1933    
 798.E-9    7.4616    
 799.E-9    7.7246    
 800.E-9    7.982     
 801.E-9    8.2331    
 802.E-9    8.4775    
 803.E-9    8.7147    
 804.E-9    8.9442    
 805.E-9    9.1656    
 806.E-9    9.3784    
 807.E-9    9.5823    
 808.E-9    9.7768    
 809.E-9    9.9616    
 810.E-9    10.136    
 811.E-9    10.301    
 812.E-9    10.454    
 813.E-9    10.596    
 814.E-9    10.728    
 815.E-9    10.847    
 816.E-9    10.955    
 817.E-9    11.051    
 818.E-9    11.134    
 819.E-9    11.206    
 820.E-9    11.264    
 821.E-9    11.311    
 822.E-9    11.344    
 823.E-9    11.365    
 824.E-9    11.373    
 825.E-9    11.369    
 826.E-9    11.352    
 827.E-9    11.322    
 828.E-9    11.28     
 829.E-9    11.225    
 830.E-9    11.157    
 831.E-9    11.078    
 832.E-9    10.987    
 833.E-9    10.883    
 834.E-9    10.768    
 835.E-9    10.642    
 836.E-9    10.505    
 837.E-9    10.357    
 838.E-9    10.198    
 839.E-9    10.029    
 840.E-9    9.8503    
 841.E-9    9.6621    
 842.E-9    9.4648    
 843.E-9    9.2589    
 844.E-9    9.0447    
 845.E-9    8.8227    
 846.E-9    8.5933    
 847.E-9    8.3571    
 848.E-9    8.1144    
 849.E-9    7.8658    
 850.E-9    7.6118    
 851.E-9    7.3528    
 852.E-9    7.0895    
 853.E-9    6.8223    
 854.E-9    6.5518    
 855.E-9    6.2785    
 856.E-9    6.003     
 857.E-9    5.7258    
 858.E-9    5.4475    
 859.E-9    5.1687    
 860.E-9    4.8898    
 861.E-9    4.6115    
 862.E-9    4.3343    
 863.E-9    4.0587    
 864.E-9    3.7854    
 865.E-9    3.5148    
 866.E-9    3.2475    
 867.E-9    2.984     
 868.E-9    2.7249    
 869.E-9    2.4706    
 870.E-9    2.2217    
 871.E-9    1.9786    
 872.E-9    1.7418    
 873.E-9    1.5119    
 874.E-9    1.2885    
 875.E-9    1.0449    
 876.E-9    0.63138   
 877.E-9   -0.11924   
 878.E-9   -1.0169    
 879.E-9   -1.2271    
 880.E-9   -1.3095    
 881.E-9   -1.364     
 882.E-9   -1.3996    
 883.E-9   -1.4236    
 884.E-9   -1.4421    
 885.E-9   -1.4569    
 886.E-9   -1.4673    
 887.E-9   -1.472     
 888.E-9   -1.4708    
 889.E-9   -1.4636    
 890.E-9   -1.4506    
 891.E-9   -1.4321    
 892.E-9   -1.4083    
 893.E-9   -1.3793    
 894.E-9   -1.3455    
 895.E-9   -1.307     
 896.E-9   -1.2641    
 897.E-9   -1.2168    
 898.E-9   -1.1654    
 899.E-9   -1.1098    
 900.E-9   -1.05      
 901.E-9   -0.9858    
 902.E-9   -0.9163    
 903.E-9   -0.83898   
 904.E-9   -0.74421   
 905.E-9   -0.61601   
 906.E-9   -0.45947   
 907.E-9   -0.28816   
 908.E-9   -0.10614   
 909.E-9    0.085922  
 910.E-9    0.28757   
 911.E-9    0.49841   
 912.E-9    0.71802   
 913.E-9    0.94594   
 914.E-9    1.1817    
 915.E-9    1.4249    
 916.E-9    1.6749    
 917.E-9    1.9313    
 918.E-9    2.1936    
 919.E-9    2.4612    
 920.E-9    2.7335    
 921.E-9    3.0101    
 922.E-9    3.2904    
 923.E-9    3.5738    
 924.E-9    3.8597    
 925.E-9    4.1476    
 926.E-9    4.4369    
 927.E-9    4.727     
 928.E-9    5.0174    
 929.E-9    5.3074    
 930.E-9    5.5965    
 931.E-9    5.884     
 932.E-9    6.1695    
 933.E-9    6.4524    
 934.E-9    6.732     
 935.E-9    7.0079    
 936.E-9    7.2795    
 937.E-9    7.5463    
 938.E-9    7.8076    
 939.E-9    8.0631    
 940.E-9    8.3122    
 941.E-9    8.5545    
 942.E-9    8.7893    
 943.E-9    9.0164    
 944.E-9    9.2352    
 945.E-9    9.4453    
 946.E-9    9.6463    
 947.E-9    9.8379    
 948.E-9    10.02     
 949.E-9    10.191    
 950.E-9    10.352    
 951.E-9    10.502    
 952.E-9    10.641    
 953.E-9    10.768    
 954.E-9    10.884    
 955.E-9    10.988    
 956.E-9    11.08     
 957.E-9    11.16     
 958.E-9    11.227    
 959.E-9    11.282    
 960.E-9    11.325    
 961.E-9    11.354    
 962.E-9    11.371    
 963.E-9    11.375    
 964.E-9    11.367    
 965.E-9    11.346    
 966.E-9    11.312    
 967.E-9    11.265    
 968.E-9    11.206    
 969.E-9    11.135    
 970.E-9    11.052    
 971.E-9    10.957    
 972.E-9    10.85     
 973.E-9    10.731    
 974.E-9    10.601    
 975.E-9    10.46     
 976.E-9    10.309    
 977.E-9    10.147    
 978.E-9    9.9748    
 979.E-9    9.793     
 980.E-9    9.6018    
 981.E-9    9.4017    
 982.E-9    9.1931    
 983.E-9    8.9763    
 984.E-9    8.7518    
 985.E-9    8.5202    
 986.E-9    8.2818    
 987.E-9    8.0371    
 988.E-9    7.7866    
 989.E-9    7.5309    
 990.E-9    7.2704    
 991.E-9    7.0058    
 992.E-9    6.7374    
 993.E-9    6.4659    
 994.E-9    6.1917    
 995.E-9    5.9156    
 996.E-9    5.6379    
 997.E-9    5.3593    
 998.E-9    5.0803    
 999.E-9    4.8014    
 1.E-6      4.5233    
